32.49
11.78
24.28
7.2
40.73
15.33
17.02
13.99
12.6
9.7
14
13.97
13.99
18.18
10.65
9.9
10.3
20.79
36.22
17.26
21.75
8.11
24.82
13.92
14.9
8.9
37.93
39.01
35.74
19.49
22.46
35.39
10.1
35.35
42.17
12.43
10.9
14.88
31.88
32.86
13.97
9
10.17
10.46
10.7
41.18
10.6
21.47
12
19.51
19.72
26.38
18.25
33.24
30.3
10.9

32.34
21.28
8.6
11.3
31.61
38.54
13.47
9.5
29.41
8.1
16.47
24.56
36.36
35.13
19.97
24.35

21.6
9.6
12
17.86
18.07
18.78
29.08
12.5
20.8
7.3
16.1
7.4
21.98
21.77
28.75
27.89
13.94
27.1
23.55
10
17.55
26.81
33.04
18.83
9.9
10
10.3
32.66
34.12
16.75
14.2
41.54
9.2
29.03
33.69
10.2
17.6
22.82
10.1
5.9
24.13
11.73
18.94
37.52
17.55
28.64

19.89
9.7
11.98
20.64
46.08
37.91
13.89

10.4
19.19
28.25
14

18.98
27.07
20.57
17.95
20.55
10.2
8.5
9.54
9.6
11.5
31.7
12.6
12
14.24
24.38
6.8
31.54
17.8
34.52
9.2
17.1
33.41
8.8
10.6
9.4
32.44
41.75
20.51
6.4
35.01
7.9
15.83
32.18
18.54
11.4
10
23.69
30.76
36.7
10.34
29.42
33.11
24.3
12.94
17.56
16.03
23.83

38.14
8.7
10.33
11
11.6
13.86
23.3
29.6
17.88
16.75
30.45
36.19
30.68