8,672
4,536
150,006
469
34,693
557
201,348
5,156
375,908
61,448
37,620
1,786
31,694
84,246
1,276
58,280
96,889
568
6,476
1,261
21,606
21,848
6,340
462,299
7,664
41,708
3,418
495
9,674
543
9,919
8,291
544,894
297
1,016
85,822
9,893,038
97,814
202
3,282
8,023
17,488
28,284
6,626
102,218
2,021
31,786
620
180
25,258
41,155
238,560
7,169
5,655
711
16,590

14,870
2,046
45,871
303,276
5,321
532
10,128
727,973
16,670
62,434
268
16,777
2,996
293
2,384
2,978

9,813
45,537
2,065
2,407,672
563,325
661,710
190,061
37,711
65,166
320,411
8,225
1,135,886
25,108
247,207
17,910
66
98,734
9,787
17,763
7,004
24,796
2,512
1,386
50,564
51
12,963
8,988
3,905
1,298
248,289
1,445
3,179
1,342
143
2,739
4,349
486,406
143
5,115

25,368
2,017
61,276
7,943
25,280
4,228

9,105
170,780
34,382
5,592
2,017
120,369
28,284

41,023
63,457
201,150
224

10,715
7,536
7,407
57,414
122,287
299,037
48,742
103,259
69,259
1,732,027
1,115
238
414
220
246

121
563,449
10,902
45,221
605
1,093
37,535
32,424
12,633
169
645
476,644
620,302
1,727
244,002
23,362
20,000
1,738
43,252
34,477
28,830
5,310
11,973
283,763
495
3,000
128
43,868
29,937
372,725
70,630
11
5,680
202,250
206,324
379,025
5,006,302
6,766
91,811
147
164,175
192,668
10,609
5,141
10,983