38,041,754
2,854,191
43,053,054
77,142
31,825,295
97,118
44,938,712
2,957,731
25,766,605
8,877,067
10,023,318
389,482
1,501,635
167,310,838
287,025
9,466,856
11,484,055
390,353
11,801,151
727,145
11,513,100
3,301,000
2,346,179
212,559,417
433,285
6,975,761
20,321,378
11,530,580
25,716,544
483,628
16,486,542
25,876,380
36,991,981
4,745,185
15,946,876
18,952,038
1,397,715,000
50,339,443
850,886
5,380,508
5,047,561
4,067,500
11,333,483
1,198,575
10,669,709
86,790,567
5,818,553
973,560
71,808
10,738,958
17,373,662
100,388,073
6,453,553
1,355,986
6,333,135
1,331,824
1,093,238
112,078,730
889,953
5,520,314
67,059,887
2,172,579
2,347,706
3,720,382
83,132,799
30,792,608
10,716,322
112,003
16,604,026
12,771,246
1,920,922
782,766
11,263,077
836
9,746,117
9,769,949
361,313
1,366,417,754
270,203,917
82,913,906
39,309,783
5,007,069
9,053,300
60,297,396
2,948,279
126,226,568
10,101,694
18,513,930
52,573,973
117,606
4,207,083
6,456,900
7,169,455
1,912,789
6,855,713
2,125,268
4,937,374
6,777,452
38,019
2,786,844
645,397
26,969,307
18,628,747
32,447,385
530,953
19,658,031
502,653
58,791
4,525,696
1,265,711
126,014,024
113,815
2,657,637
38,964
3,225,167
622,137
36,910,560
30,366,036
54,045,420
2,494,530
10,084
28,608,710
17,332,850
4,841,000
6,545,502
23,310,715
200,963,599
25,666,161
1,836,713
5,347,896
5,266,535
216,565,318
18,233

4,246,439
8,776,109
7,044,636
32,510,453
108,116,615
37,970,874
10,269,417
2,832,067
19,356,544
144,373,535
12,626,950
52,823
182,790
100,455
202,506
33,860
215,056
34,268,528
16,296,364
6,944,975
97,625
7,813,215
5,703,569
5,454,073
2,087,946
669,823
15,442,905
58,558,270
51,709,098
11,062,113
47,076,781
21,803,000
42,813,238
581,372
10,285,453
8,574,832
17,070,135
9,321,018
58,005,463
69,625,582
3,500,000
8,082,366
100,209
1,394,973
11,694,719
83,429,615
5,942,089
11,646
44,269,594
44,385,155
9,770,529
66,834,405
328,239,523
3,461,734
33,580,650
299,882
28,515,829
96,462,106
29,161,922
17,861,030
14,645,468